Total number of distinct HIP IDs: 759

Sorted HIP IDs (without 'HIP' prefix):
65
522
738
801
948
1292
1419
1475
1499
1547
1640
1666
1692
1931
2247
2350
2611
2736
3093
3143
3206
3391
3479
3497
3502
3574
3834
3869
3911
3975
4297
4552
4715
4739
4845
4872
5054
5158
5301
5447
5529
5643
5763
5806
5812
5957
6069
6365
6379
6390
6511
6643
6702
6993
7245
7513
7562
7599
7978
8102
8152
8159
8501
8541
8770
8928
9094
9242
9519
9618
9683
9884
9960
10037
10085
10117
10138
10301
10337
10626
10657
10743
10800
11048
11130
11397
11433
11791
12048
12184
12186
12191
12247
12436
12493
12653
12684
12961
13192
13224
13291
13363
13467
13642
13754
13993
14101
14417
14530
14810
14954
15249
15510
15526
15527
15578
15683
15799
16012
16038
16069
16085
16537
16711
17047
17054
17096
17187
17264
17515
17540
17747
17960
18387
18451
18527
18841
18893
19011
19165
19176
19207
19394
19428
19921
19950
19976
20199
20277
20528
20606
20723
20753
20889
21109
21152
21421
21547
21571
21850
21932
22320
22336
22491
22627
22762
22826
22905
23844
23884
23889
24003
24186
24275
24323
24681
24718
25110
25191
25359
25486
25793
25883
26013
26380
26381
26394
26638
26664
27080
27253
27305
27321
27384
27515
27803
27849
27887
27922
28393
28754
28767
28941
28951
29242
29295
29301
29432
29442
29550
30034
30057
30114
30503
30579
30860
30905
31039
31246
31300
31540
31592
31635
31674
31688
31895
32209
32769
32775
32916
32970
33212
33226
33229
33719
34222
34271
34693
34785
34801
35173
35965
36208
36616
36795
36941
36964
37196
37284
37826
38041
38228
38374
38392
38558
38594
39017
39311
39417
39589
39767
40344
40526
40687
40693
40952
41378
41704
41997
42030
42098
42202
42214
42282
42401
42403
42446
42527
42532
42723
43177
43297
43569
43587
43674
43686
43790
43803
44291
44746
45406
45908
45982
46022
46076
46471
47007
47087
47103
47193
47202
47288
47780
48235
48455
48711
48714
48739
48780
49067
49081
49129
49189
49477
49522
49576
49699
49813
50316
50473
50496
50583
50653
50786
50887
50921
51260
51317
52409
52521
52733
52796
53437
53502
53524
53545
53666
53688
53719
53721
53733
53985
54035
54158
54186
54195
54203
54232
54373
54400
54413
54491
54595
54597
54646
54906
55042
55174
55409
55486
55507
55664
55806
55848
55994
56379
56508
56528
56572
56640
56998
57050
57087
57099
57172
57274
57291
57370
57428
57443
57467
57548
57735
57749
57820
57931
58237
58263
58331
58374
58451
58952
59514
59610
59625
59743
59960
60081
60093
60202
60398
60644
60648
60689
60788
61020
61028
61177
61298
61300
61595
61706
61723
61740
61820
62039
62452
62534
62653
62662
62875
62908
63090
63203
63211
63242
63510
63584
63833
64022
64184
64295
64457
64459
64792
64797
64924
65042
65117
65407
65426
65469
65721
65808
65859
65891
66047
66074
66192
66903
67246
67275
67285
67522
67537
67851
68162
68469
69888
70123
70170
70623
70695
70705
70791
70849
70890
70950
71135
71253
71395
71481
72203
72339
72607
72845
73136
73146
73261
73427
73608
73674
74273
74326
74500
74653
74793
74856
74890
74948
74961
74981
74995
75049
75092
75181
75281
75458
76042
76311
76333
76351
77257
77301
77358
77517
77578
77655
77740
77783
77838
77900
78159
78169
78407
78459
78521
78530
79098
79126
79219
79242
79248
79346
79431
79540
79755
80076
80250
80337
80459
80484
80486
80680
80687
80824
80838
80902
81022
81208
81375
82632
82651
83020
83043
83289
83389
83541
83547
83827
83941
83949
83983
84069
84171
84460
84607
84769
84787
84856
84988
85268
85294
85523
85647
85911
86040
86057
86087
86162
86214
86221
86287
86375
86620
86796
87330
87601
87937
88048
88194
88268
88348
88414
88595
88617
88650
89047
89354
89474
89583
89844
90004
90485
90593
90979
90988
91085
91128
91258
91388
91608
91768
91852
92680
92895
93101
93281
93373
93540
93746
93858
94075
94112
94235
94256
94465
94576
94645
94761
94931
94951
95015
95124
95262
95467
95740
96078
96160
96258
96507
96618
96861
96901
97166
97233
97336
97546
97657
97769
97938
98505
98668
98698
98714
98767
98959
99115
99175
99306
99496
99699
99711
99770
99825
99894
100970
101252
101503
101806
101948
101966
102125
102401
102409
103527
103768
104202
104436
104513
104780
104903
105056
105232
105854
106006
106097
106353
106440
106824
107038
107089
107160
107251
107350
107587
107772
107773
107985
108162
108296
108375
108513
108859
108870
109378
109381
109384
109388
109577
109600
109656
109876
110094
110443
110620
110758
110813
110852
111136
111143
111553
111928
112190
112441
112527
113020
113044
113103
113137
113238
113357
113421
113834
114046
114189
114322
114622
114699
114840
114855
114933
115100
115211
115218
115359
115662
115697
115714
115752
116076
116084
116132
116158
116221
116250
116384
116454
116616
116630
116727
116745
116748
116805
116906
117883
118228
118319
120005
